# id	file_path		transparent_color_r	g	b
[TEXTURES]
1	textures\simon_right.png	116	116	116
2	textures\simon_left.png	116	116	116
3	textures\whip_right.png	116	116	116
4	textures\whip_left.png	116	116	116
20	textures\misc.png	116	116	116
10	textures\enemies.png	3	26	110
100	textures\map\titleset_1_bank.png	255	255	255
90	textures\brick.png	0	0	0

# id	left	top	right	bottom	texture_id
[SPRITES]
# ===== SIMON ======
# idle right
1001	190	2	206	32	1
# walk right
1002	165	2	181	32	1
1003	143	0	158	32	1
1004	123	2	138	32	1
# jump right
1005	99	2	115	25	1
# sit right
1006	99	2	115	25	1
# sit attack right
1007	76	120	106	143	1
1008	44	120	74	143	1
1009	11	121	41	143	1
# attack right
1010	65	4	95	34	1
1011	33	4	63	34	1
1012	0	5	30	34	1
#die right
1024	4	84	36	99	1

# idle left
1101	1	2	17	32	2
# walk left
1102	26	2	42	32	2
1103	49	0	64	32	2
1104	69	2	84	32	2
# jump left
1105	92	2	108	25	2
# sit left
1106	92	2	108	25	2
# sit attack left
1107	101	120	131	143	2
1108	135	120	165	143	2
1109	168	121	198	143	2
# attack left
1110	112	4	142	34	2
1111	146	4	176	34	2
1112	180	5	210	34	2
# die left
1124	171	84	203	99	2

# ===================== WHIP =================
# whip lv 0 right
3001	341	7	349	31	3
3002	324	4	340	23	3
3003	299	7	323	15	3
# whip lv 1 right
3004	281	7	289	31	3
3005	229	4	245	23	3
3006	88	9	128	15	3
# whip lv 0 left
3101	341	7	349	31	3
3102	324	4	340	23	3
3103	299	7	323	15	3
# whip lv 1 left
3104	281	7	289	31	3
3105	229	4	245	23	3
3106	88	9	128	15	3

#================= Torch =================
10001	175	1	191	33	20
10002	192	1	208	33	20

# ==== BRICK =====
20001	408	225	424	241	90

#GOOMBA
30001	5	14	21	29	10
30002	25	14	41	29	10
#die
30003	45	21	61	29	10

#brick with question mark animation
40001	300	117	316	133	20
40002	318	117	334	133	20
40003	336	117	352	133	20
40004	355	117	370	133	20
						
# ani_id	sprite1_id	time1	sprite2_id	time2	...
[ANIMATIONS]
# ==================== SIMON ======================
# idle right
9001	1001	100
# walk right
9002	1002	100	1003	200	1004	200
# jump right
9003	1005	100
# sit right
9004	1006	100
# sit attack right
9005	1007	150	1008	150	1009	150
# attack right
9006	1010	150	1011	150	1012	150
# die right
9009	1024	100

# idle left
9101	1101	100
# walk left
9102	1102	100	1103	200	1104	200
# jump left
9103	1105	100
# sit left
9104	1106	100
#sit attack left
9105	1107	150	1108	150	1109	150
# attack left
9106	1110	150	1111	150	1112	150
# die left
9109	1124	100

# ======================== WHIP ===================
# right lv0
9201	3001	100	3002	100	3003	100
# right lv1
9202	3004	100	3005	100	3006	100
# left lv0
9301	3101	100	3102	100	3103	100
# left lv1
9302	3104	100	3105	100	3106	100

# =====================TORCH=======================
10000	10001	100	10002	100

# ==== BRICK =========
601	20001	100

# ==== QUESTION MARK BRICK =========
602	40001	1000	40001	100	40002	100	40003	100	40004	100


# ==== GOOMBA  =========
# walk
701	30001	100	30002	100
# die
702	30003	100

##################### ANIMATION SETS ########################
# id	ani1	ani2	ani3
[ANIMATION_SETS]
# ============ SIMON ===============
1	9001	9101	9002	9102	9003	9103	9004	9104	9009	9109	9005	9105	9006	9106

# ============== WHIP ==============
11	9201	9301	9202	9302

# ============== TORCH ============
100	10000

# BRICK
2	601
# QUESTION MARK BRICK 
22	602
# GOOMBA
3	701	702

[OBJECTS]
# type	x	y	ani_set_id	extra_settings per object type
# ================= SIMON ============
0	50.0	100	1

#================== WHIP ==============
#3	0	0	11

# GOOMBA
#2	200	135	3
#2	260	135	3
#2	320	135	3
#2	480	135	3
#2	500	135	3

# BRICK 
# --- platform (hint: I created the list using Excel!) ----
1	0	161	2
1	16	161	2
1	32	161	2
1	48	161	2
1	64	161	2
1	80	161	2
1	96	161	2
1	112	161	2
1	128	161	2
1	144	161	2
1	160	161	2
1	176	161	2
1	192	161	2
1	208	161	2
1	224	161	2
1	240	161	2
1	256	161	2
1	272	161	2
1	288	161	2
1	304	161	2
1	320	161	2
1	336	161	2
1	352	161	2
1	368	161	2
1	384	161	2
1	400	161	2
1	416	161	2
1	432	161	2
1	448	161	2
1	464	161	2
1	480	161	2
1	496	161	2
1	512	161	2
1	528	161	2
1	544	161	2
1	560	161	2
1	576	161	2
1	592	161	2
1	608	161	2
1	624	161	2
1	640	161	2
1	656	161	2
1	672	161	2
1	688	161	2
1	704	161	2
1	720	161	2
1	736	161	2

# ================== TORCH ============
100	96	128	100
100	208	128	100
100	352	128	100
100	464	128	100
100	592	128	100

# --- SCENE PORTAL ----
# type	l	t	ani_set_id	r	b	scene_id
#50	490	98	1	316	161	2

