# id	file_path		transparent_color_r	g	b
[TEXTURES]
20	textures\misc.png	116	116	116
30	textures\\enemies.png	116	116	116
100	textures\map\map_4_bank.png	255	255	255
90	textures\brick_3.png	0	0	255
80	textures\bbox.png	255	255	255

# ============================ [SPRITES] ========================
# id	left	top	right	bottom	texture_id
[SPRITES]
# ================ BRICK ================
20001	0	0	16	16	90

# ================ STAIR ================
20002	0	0	16	16	80

# ================ ITEM =================
# WHIP
30001	1	1	17	17	20
# HEART
31001	29	6	41	16	20
# MONEY
32001	79	1	94	16	20
# KNIFE
33001	1	22	17	31	20
# MINI HEART
34001	18	1	26	9	20

# ================ CANDLE ================
40001	157	3	165	17	20
40002	166	3	174	17	20

# ================ EFFECT =============
11	175	13	178	26	30
12	187	14	193	26	30
13	200	11	208	26	30

# ================ FLEAMAN =============
14	31	97	47	113	30
15	54	97	69	113	30
16	116	97	132	113	30
17	94	97	109	113	30

# ================ SKELETON =============
18	11	128	27	159	30
19	36	127	52	159	30
20	91	128	107	159	30
21	66	127	82	159	30


# ================ BONE =============
22	120	136	126	152	30
23	128	138	143	151	30
24	146	138	161	151	30

25	202	136	208	152	30
26	185	138	200	151	30
27	167	138	182	151	30

#>>>>>>>>>>>>>>>>>>>>>>>>>>>>> ANIMATION <<<<<<<<<<<<<<<<<<<<
# ani_id	sprite1_id	time1	sprite2_id	time2
[ANIMATIONS]
# ==================== EFFECT =====================
10	11	100	12	100	13	100

# ==================== FLEAMAN ====================
# Left
14	14	150	15	150
# Right
16	16	150	17	150

# ==================== SKELETON ====================
# Left
18	18	150	19	150
# Right
20	20	150	21	150


# ==================== BONE ====================
# left
22	22	100	23	100	24	100
# right
25	25	100	26	100	27	100

# ===================== ITEM =======================
# whip
30000	30001	100
# heart
31000	31001	100
# money
32000	32001	100
# knife
33000	33001	100
# mini heart
34000	34001	100

# ===================== CANDLE =========
40000	40001	100	40002	100

# ===================== BRICK =========
601	20001	100

# ===================== STAIR =========
602	20002	100

#============================ ANIMATION SETS ====================
# id	ani1	ani2	ani3
[ANIMATION_SETS]
# ============ EFFECT ==============
10	10

# ============ FLEAMAN =============
14	14	16

# ============ SKELETON =============
18	18	20

# ============ BONE =================
22	22	25

# ============== ITEM ==============
# whip
300	30000
# heart
301	31000
# money
302	32000
# knife
303	33000
# mini heart
304	34000

# ============== CANDLE ==============
400	40000

# ============== BRICK ==============
2	601

# ============== STAIR ==============
4	602

[OBJECTS]
# type	x	y	ani_set_id	extra_settings per object type
# ================= SIMON ============
0	736	204	1

# ================= FLEAMAN ===========
14	416	186	14
14	288	186	14

# ================= SKELETON ===========
18	32	170	18

#================= BRICK =================
# --- platform (hint: I created the list using Excel!) ----
1	752	172	2
1	736	172	2

1	752	236	2
1	736	236	2
1	720	236	2
1	704	236	2
1	688	236	2
1	672	236	2

1	656	252	2
1	640	252	2
1	624	252	2
1	608	252	2
1	592	252	2
1	576	252	2
1	560	252	2
1	544	252	2
1	528	252	2
1	512	252	2
1	496	252	2
1	480	252	2
1	464	252	2
1	448	252	2
1	432	252	2
1	416	252	2
1	400	252	2
1	384	252	2
1	368	252	2
1	352	252	2
1	336	252	2
1	320	252	2
1	304	252	2
1	288	252	2
1	272	252	2
1	256	252	2
1	240	252	2
1	224	252	2
1	208	252	2
1	192	252	2
1	176	252	2
1	160	252	2
1	144	252	2
1	128	252	2

1	416	204	2
1	432	204	2

1	288	204	2
1	304	204	2

1	112	236	2
1	96	236	2
1	80	236	2
1	64	236	2

1	96	172	2
1	112	172	2
1	128	172	2
1	144	172	2
1	160	172	2
1	176	172	2

1	48	204	2
1	32	204	2

1	16	252	2
1	16	236	2
1	16	220	2
1	16	204	2
1	16	188	2
1	16	172	2
1	16	156	2
1	16	140	2
1	16	124	2
1	16	108	2
1	16	92	2

# ==================== CANDLE =================
400	736	204	400	302

400	672	220	400	304
400	608	220	400	304
400	544	220	400	304
400	480	220	400	304
400	416	220	400	304
400	352	220	400	304
400	288	220	400	304
400	224	220	400	304

400	160	140	400	301

400	96	204	400	304

# --- SCENE PORTAL ----
# type	l	t	ani_set_id	r	b	scene_id
#50	128	93	1	142	110	1

# ================= CHECK STAIR =============
# type	x	y	ani_set_id	type_checkstair
4	144	156	4	1
#5	176	143	4	0
#4	80	141	4	1

[MAP]
textures\map\map_4.txt