# id	file_path		transparent_color_r	g	b
[TEXTURES]
101	textures\map\map_0.png	255	255	255

# ============================ [SPRITES] ========================
# id	left	top	right	bottom	texture_id
[SPRITES]
# ================ BACKGROUND =============
101	0	16	256	224	101

# ================ BAT ====================
102	1	254	73	308	101
103	74	254	146	308	101
104	147	254	219	308	101
105	220	254	292	308	101
106	293	254	365	308	101
107	366	254	438	308	101
108	439	254	511	308	101
109	512	254	584	308	101
110	585	254	657	308	101
111	658	254	730	308	101

112	1	311	73	365	101
113	74	311	146	365	101
114	147	311	219	365	101
115	220	311	292	365	101
116	293	311	365	365	101
117	366	311	438	365	101
118	439	311	511	365	101
119	512	311	584	365	101
120	585	311	657	365	101
121	658	311	730	365	101

122	1	368	73	422	101
123	74	368	146	422	101
124	147	368	219	422	101
125	220	368	292	422	101
126	293	368	365	422	101
127	366	368	438	422	101
128	439	368	511	422	101
129	512	368	584	422	101
130	585	368	657	422	101
131	658	368	730	422	101

132	1	425	73	479	101
133	74	425	146	479	101
134	147	425	219	479	101
135	220	425	292	479	101
136	293	425	365	479	101
137	366	425	438	479	101
138	439	425	511	479	101
139	512	425	584	479	101
140	585	425	657	479	101
141	658	425	730	479	101

#>>>>>>>>>>>>>>>>>>>>>>>>>>>>> ANIMATION <<<<<<<<<<<<<<<<<<<<
# ani_id	sprite1_id	time1	sprite2_id	time2
[ANIMATIONS]
# ==================== BACKGROUND =====================
101	101	100
102	102	70	103	70	104	70	105	70	106	70	107	70	108	70	109	70	110	70	111	70	112	70	113	70	114	70	115	70	116	70	117	70	118	70	119	70	120	70	121	70	122	70	123	70	124	70	125	70	126	70	127	70	128	70	129	70	130	70	131	70	132	70	133	70	134	70	135	70	136	70	137	70	138	70	139	70	140	70	141	70

#============================ ANIMATION SETS ====================
# id	ani1	ani2	ani3
[ANIMATION_SETS]
# ============== BACKGROUND ==============
101	101
102	102

[OBJECTS]
# type	x	y	ani_set_id	extra_settings per object type
# ================== TORCH ============

[MAP]
#textures\map\map_0.txt