# id	file_path		transparent_color_r	g	b
[TEXTURES]
20	textures\misc.png	116	116	116
30	textures\\enemies.png	116	116	116
100	textures\map\map_6_bank.png	255	255	255
90	textures\brick_3.png	0	0	255
80	textures\bbox.png	255	255	255

# ============================ [SPRITES] ========================
# id	left	top	right	bottom	texture_id
[SPRITES]
# ================ BRICK ================
20001	0	0	16	16	90

# ================ STAIR ================
20002	0	0	16	16	80

# ================ ITEM =================
# WHIP
30001	1	1	17	17	20
# HEART
31001	29	6	41	16	20
# MONEY
32001	79	1	94	16	20
# KNIFE
33001	1	22	17	31	20
# MINI HEART
34001	18	1	26	9	20
# AXE
35001	18	18	33	32	20
# CROSS
36001	69	19	84	33	20
# HOLYWATER
37001	35	18	51	34	20
# CLOCK
38001	104	18	119	34	20

# ================ CANDLE ================
40001	157	3	165	17	20
40002	166	3	174	17	20

# ================ EFFECT =============
11	175	13	178	26	30
12	187	14	193	26	30
13	200	11	208	26	30

# ================ SKELETON =============
18	11	128	27	159	30
19	36	127	52	159	30
20	91	128	107	159	30
21	66	127	82	159	30

# ================ BONE =============
22	120	136	126	152	30
23	128	138	143	151	30
24	146	138	161	151	30

25	202	136	208	152	30
26	185	138	200	151	30
27	167	138	182	151	30

# =============== GHOST ==============
28	31	67	47	83	30
29	55	67	71	83	30
30	118	67	134	83	30
31	94	67	110	83	30

# =============== RAVEN ==============
# --- left
32	12	177	28	189	30
33	29	174	45	190	30
34	47	174	62	189	30
35	63	175	78	190	30
# --- right
36	150	176	166	188	30
37	133	173	149	189	30
38	116	173	131	188	30
39	100	174	115	189	30

#>>>>>>>>>>>>>>>>>>>>>>>>>>>>> ANIMATION <<<<<<<<<<<<<<<<<<<<
# ani_id	sprite1_id	time1	sprite2_id	time2
[ANIMATIONS]
# ==================== EFFECT =====================
10	11	100	12	100	13	100

# ==================== SKELETON ====================
# Left
18	18	150	19	150
# Right
20	20	150	21	150


# ==================== BONE ====================
# left
22	22	100	23	100	24	100
# right
25	25	100	26	100	27	100

# ================ GHOST ===========
# left
28	28	100	29	100
# right
30	30	100	31	100

# =============== RAVEN ===========
# left
32	32	100
33	33	100	34	100	35	100
# right
36	36	100
37	37	100	38	100	39	100

# ===================== ITEM =======================
# whip
30000	30001	100
# heart
31000	31001	100
# money
32000	32001	100
# knife
33000	33001	100
# mini heart
34000	34001	100
# axe
35000	35001	100
# cross
36000	36001	100
# holywater
37000	37001	100
# clock
38000	38001	100

# ===================== CANDLE =========
40000	40001	100	40002	100

# ===================== BRICK =========
601	20001	100

# ===================== STAIR =========
602	20002	100

#============================ ANIMATION SETS ====================
# id	ani1	ani2	ani3
[ANIMATION_SETS]
# ============ EFFECT 	==============
10	10

# ============ SKELETON =============
18	18	20

# ============ BONE 	=================
22	22	25

# ============ GHOST 	========
28	28	30

# ============ RAVEN 	=========
32	32	36	33	37

# ============ ITEM 	==============
# whip
300	30000
# heart
301	31000
# money
302	32000
# knife
303	33000
# mini heart
304	34000
# axe
305	35000
# cross
306	36000
# holywater
307	37000
# clock
308	38000

# ============== CANDLE ==============
400	40000

# ============== BRICK ==============
2	601

# ============== STAIR ==============
4	602

[OBJECTS]
# type	x	y	ani_set_id	extra_settings per object type
# ================= SIMON ============
0	80	200	1

# ================= SKELETON ===========
18	368	200	18

18	640	200	18

# =============== GHOST ============
#28	640	220	28

# =============== RAVEN =============
32	272	108	32

#================= BRICK =================
# --- platform (hint: I created the list using Excel!) ----

1	32	252	2
1	48	252	2
1	32	236	2
1	48	236	2

1	16	252	2
1	16	236	2
1	16	220	2
1	16	204	2
1	16	188	2
1	16	172	2
1	16	156	2
1	16	140	2
1	16	124	2
1	16	108	2
1	16	92	2

1	80	236	2

1	128	172	2
1	144	172	2
1	128	188	2
1	144	188	2

1	160	236	2
1	176	236	2
1	192	236	2
1	208	236	2
1	224	236	2
1	240	236	2
1	256	236	2
1	272	236	2
1	288	236	2
1	304	236	2

1	224	172	2
1	240	172	2

1	352	236	2
1	368	236	2
1	384	236	2

1	416	204	2
1	432	204	2

1	448	236	2
1	464	236	2

1	480	188	2
1	496	188	2

1	480	252	2
1	496	252	2
1	512	252	2
1	528	252	2

1	544	172	2
1	560	172	2

1	608	236	2
1	624	236	2
1	640	236	2
1	656	236	2

1	672	220	2
1	688	220	2

1	704	188	2
1	720	188	2

1	736	204	2
1	752	204	2

1	736	140	2
1	752	140	2

# ==================== CANDLE =================
400	144	140	400	301
400	208	204	400	304
400	272	204	400	304
400	352	204	400	304
400	416	172	400	304
400	464	220	400	304
400	528	220	400	304
400	608	204	400	305
400	672	204	400	304
400	720	156	400	302

# --- SCENE PORTAL ----
# type	l	t	ani_set_id	r	b	scene_id
#50	80	76	1	86	80	1

# ================= CHECK STAIR =============
# type	x	y	ani_set_id	type_checkstair
5	44	190	4	1

4	68	220	4	1
5	128	126	4	0

4	384	220	4	1
5	416	158	4	0

5	560	126	4	1
4	624	220	4	0

[MAP]
textures\map\map_6.txt